
# for nm
banc_view <- function(){
  rgl::rgl.viewpoint(userMatrix = structure(c(0.961547076702118, 0.037275392562151,
                                0.27209860086441, 0, 0.0369537360966206, -0.999296963214874,
                                0.00630810856819153, 0, 0.272142440080643, 0.00398948788642883,
                                -0.962248742580414, 0, 0, 0, 0, 1), dim = c(4L, 4L)), zoom = 0.822702646255493)
}

# for nm
banc_side_view <- function(){
  rgl::rgl.viewpoint(userMatrix = structure(c(0.188666880130768, 0.137750864028931,
                                -0.972331881523132, 0, 0.130992725491524, -0.98479551076889,
                                -0.114099271595478, 0, -0.97326534986496, -0.105841755867004,
                                -0.203842639923096, 0, 0, 0, 0, 1), dim = c(4L, 4L)), zoom = 0.783526360988617)
}

# for nm
banc_front_view <- function(){
  rgl::rgl.viewpoint(userMatrix = structure(c(0.99931389093399, 0.0139970388263464,
                                -0.0342894680798054, 0, -0.0321401171386242, -0.132316529750824,
                                -0.990686297416687, 0, -0.0184037387371063, 0.991108655929565,
                                -0.131775915622711, 0, 0, 0, 0, 1), dim = c(4L, 4L)), zoom = 0.613913536071777)
}

# for nm
banc_vnc_view <- function(){
  rgl::rgl.viewpoint(userMatrix = structure(c(0.992902159690857, 0.113465532660484,
                                0.0356490463018417, 0, 0.103959240019321, -0.973584711551666,
                                0.203286483883858, 0, 0.0577733889222145, -0.198137611150742,
                                -0.978470027446747, 0, 33598.359375, 191755.796875, -6508.533203125,
                                1), dim = c(4L, 4L)), zoom = 0.505068242549896)
}
